seeds: 979422950 82612659 1548999055 34724616 2661379358 119603160 1062035609 324592756 534569941 444853009 1399214282 16464628 4257470921 37496375 3563582126 189805172 1885936801 142858899 1727947736 157989065

seed-to-soil map:
3057431476 2659317321 107109702
2511751792 2599711543 59605778
1221073020 1837753465 39598170
3502155226 3096294162 8086946
112112870 256423807 2125930
444626265 2529871120 69840423
18889275 659456324 93223595
3510242172 0 149533755
1448958313 1719854917 74810104
2667869437 2766427023 80321947
190491088 149533755 106890052
2040983761 884311172 407868340
147798694 3924192184 16252227
514466688 3482994766 15040870
2979263018 3965798935 52097778
2802387897 4092212056 176875121
2448852101 4017896713 62899691
3859771113 2204002350 129908825
4182225318 752679919 112741978
129124355 2940824024 18674339
418746146 4269087177 25880119
297381140 2463162316 66708804
1523768417 3498035636 9199800
776081971 2362753164 100409152
2029328457 2049754419 11655304
3765696059 2846748970 94075054
3031360796 1794665021 26070680
1532968217 3104381108 323957456
114238800 4080796404 11415652
1445845237 3507235436 3113076
2748191384 3940444411 25354524
2773545908 2333911175 28841989
125654452 258549737 3469903
1169357066 1820735701 15043459
1184400525 2167329855 36672495
1167382761 1835779160 1974305
0 865421897 18889275
2571357570 3842220251 81971933
164050921 3510348512 26440167
3989679938 1527309537 192545380
529507558 1292179512 235130025
364089944 3428338564 54656202
876491123 3551328613 290891638
764637583 262019640 11444388
1309049438 2959498363 136795799
1856925673 1877351635 172402784
1260671190 273464028 48378248
3164541178 321842276 337614048
2653329503 3536788679 14539934
3659775927 2061409723 105920132

soil-to-fertilizer map:
3821848243 4144883127 56354190
3774014470 1605949305 47833773
4107667970 2273375850 187299326
3134108322 2129291003 25233271
790150463 140188710 22188054
2814999732 2154524274 39554851
1890649725 2699085344 149697330
4060960645 2848782674 46707325
1686076734 3148824347 26863416
3011411460 1653783078 122696862
2579265393 3825669725 106014513
812338517 618577207 2374951
366007061 575580710 42996497
0 78438543 20960968
1850318690 2194079125 40331035
2685279906 4049907409 94975718
2952819342 2895489999 10057865
2859089363 4201237317 93729979
2780255624 4015163301 34744108
2396302966 1901950224 143996737
3159341593 3396407780 49876793
2225176411 2460675176 77392280
2302568691 2645971704 13069465
2040347055 1880269922 21680302
20960968 802548219 17384640
2540299703 2234410160 38965690
1109023535 659865167 142683052
2062027357 2985675293 163149054
1070110526 620952158 38913009
3290839336 3446284573 379385152
2971367285 2659041169 40044175
1712940150 3178364430 137378540
3878202433 2538067456 107904248
814713468 533399520 42181190
991671983 0 78438543
3288162669 3175687763 2676667
2854554583 4010628521 4534780
3986106681 2054437039 74853964
780026314 130064561 10124149
856894658 99399511 30665050
2315638156 3315742970 80664810
3670224488 1776479940 103789982
3209218386 3931684238 78944283
2962877207 2045946961 8490078
38345608 819932859 119003696
409003558 162376764 371022756
887559708 938936555 104112275
1605949305 2905547864 80127429
157349304 1043048830 208657757

fertilizer-to-water map:
707464028 1123280774 23078191
528112499 1711474496 179351529
1435660892 1307697963 44316907
1893096853 2545331765 103575653
3581639815 2308318052 114558148
4283394567 2533759036 11572729
1996672506 2725722556 343927859
840490083 746405867 130988902
971478985 507275242 239130625
3535176574 2147303978 46463241
366773501 1146358965 161338998
3392203415 3694356950 29829411
4172579582 2085100438 25874930
155977549 0 63910505
3422032826 2648907418 76815138
2851899243 3724186361 131968258
246968147 63910505 50083131
3274749382 1904677479 6571197
2592892282 4209812097 85155199
4198454512 3884576381 10268134
0 1612070982 99403514
4208722646 3227486441 74671921
2478341449 2193767219 114550833
1647648579 1102446051 20834723
3975203166 4012435681 197376416
139044047 490341740 16933502
2340600365 3987591930 24843751
814975097 1477714243 25514986
1668483302 1521555174 5633051
2983867501 3415055695 279301255
1210609610 877394769 225051282
1479977799 1570099575 41971407
3498847964 2110975368 36328610
1674116353 273632068 216709672
773453569 1503229229 18325945
2365444116 3302158362 112897333
219888054 271237368 2394700
3696197963 3069650415 157836026
99403514 206911442 39640533
3854033989 3894844515 92747415
3281320579 2422876200 110882836
3263168756 1893096853 11580626
222282754 246551975 24685393
3946781404 3856154619 28421762
2678047481 1911248676 173851762
1521949206 1352014870 125699373
791779514 113993636 23195583
730542219 1527188225 42911350
297051278 137189219 69722223

water-to-light map:
2571559768 2508618413 20161126
2093822781 527823191 165040913
2973516022 1164360059 228643035
1856648781 3418315675 18926961
3618712425 2575124238 77012942
1847169095 692864104 9479686
694566969 2317305273 27427981
482329540 1489513157 69961168
3355809523 2534268951 40855287
3748129912 2344733254 72557831
566545369 1559474325 17804268
1875575742 3209306235 136552876
3202159057 2269575752 47729521
3695725367 2652137180 52404545
2798842047 702343790 174673975
214897255 39882053 14458925
552290708 3437242636 14254661
1212660368 2925260006 284046229
4077791301 4112205549 182761747
397100283 74222167 41518753
1679664110 2462129580 46488833
721994950 1738563610 329380401
1770991438 3561067253 76177657
3476109320 3637244910 142603105
0 238823893 91814282
4024767401 4024767401 53023900
269238233 56042877 585724
2258863694 877017765 287342294
91814282 115740920 123082973
656806201 2887499238 37760768
3396664810 3557418242 3649011
3404953037 1418356874 71156283
584349637 3345859111 72456564
2012128618 3784487231 36200512
269823957 330638175 127276326
440320935 56628601 17593566
3249888578 3451497297 105920945
3400313821 3779848015 4639216
438619036 54340978 1701899
4260553048 4077791301 34414248
1051375351 1577278593 161285017
1726152943 2417291085 44838495
2546205988 1393003094 25353780
1496706597 2704541725 182957513
2793352635 2528779539 5489412
2048329130 482329540 45493651
229356180 0 39882053
2591720894 2067944011 201631741

light-to-temperature map:
558699805 2005398657 19503193
2747466056 2462217449 140203643
986108066 901365083 36430113
4185238180 3116045995 7700611
4091205277 3059111446 56934549
728126697 644531091 118733657
1708931921 0 40598424
2623615127 2799990472 87679227
4192938791 3239889689 102028505
578202998 1642628299 133681563
3466836165 3341918194 30411873
2442037353 2222121007 181577774
410611050 1616870885 15988432
973513421 937795196 2825663
4148139826 4205973610 37098354
1022538179 40598424 61234545
426599482 1244234970 40035747
3497248038 3372330067 69846137
1887723925 940620859 188277726
280648845 342668958 80855210
1543097108 536766246 107764845
846860354 1128898585 115336385
2280639675 2666456969 97361801
3059111446 3964867105 241106505
3442370112 3959419667 5447438
3300217951 3481430532 142152161
3447817550 3123746606 19018615
466635229 444701670 92064576
3567094175 3142765221 97124468
1749530345 1776309862 117016078
3716113975 3623582693 335836974
1650861953 763264748 58069968
3664218643 4243071964 51895332
1083772724 2024901850 151855836
4051950949 3442176204 39254328
1235628560 1284270717 307468548
361504055 101832969 23975375
711884561 326426822 16242136
2378001476 2602421092 64035877
2222121007 2403698781 58518668
0 821334716 80030367
2711294354 2763818770 36171702
80030367 125808344 200618478
1866546423 423524168 21177502
976339084 1632859317 9768982
385479430 1591739265 25131620
2076001651 1904642622 100756035
962196739 1893325940 11316682

temperature-to-humidity map:
2145698190 1896237905 57753853
3818022825 4138701749 51669758
4075656233 2868685273 51062802
3779278652 158909252 38744173
4126719035 2315944979 84852576
1907059299 1602314184 238638891
3704602292 530766277 74676360
581309619 2633663092 13671506
1203623697 3671059366 96558714
3008496734 2603633255 30029837
1172859966 1000381591 30763731
3256270638 1953991758 142810357
2203452043 2400797555 15878535
597461114 3118167497 349071047
2679168377 1894022455 2215450
1485565344 3005202155 112965342
3442281935 197653425 1872665
2219330578 2919748075 20127693
1897064780 906991387 9994519
1395767511 3467238544 89797833
3490803549 3768034551 32073212
3038526571 2939875768 65326387
3869692583 605442637 205963650
2462680655 3922214027 216487722
2900526691 1199013374 107970043
1300182411 811406287 95585100
1749396364 3604566669 66492697
1816305532 378563406 80759248
3399080995 2825484333 43200940
293551358 3557036377 47530292
1598530686 1306983417 150865678
3452151331 492114059 38652218
594981125 459322654 2479989
3134164374 3800107763 122106264
2239458271 2647334598 170153004
2409611275 1840953075 53069380
3667341850 1161752932 37260442
993822650 199526090 179037316
4211571611 916985906 83395685
216214552 1084416126 77336806
341081650 1031145322 53270804
3522876761 1457849095 144465089
946532161 4247676807 47290489
394352454 2416676090 186957165
3444154600 2817487602 7996731
158909252 4190371507 57305300
2681383827 2096802115 219142864
3103852958 461802643 30311416
0 0 158909252
1815889061 3767618080 416471

humidity-to-location map:
641610717 532180480 167913
3607132231 2589237074 87690008
2780081538 1499534633 214941352
983276467 2242508967 294440715
1463968229 3657653042 23795285
934171856 4245862685 49104611
2082425265 2888857987 33973530
3393469410 854738921 213662821
4279821923 3681448327 15145373
4153944584 3467637102 125877339
1487763514 1068401742 196909956
854738921 3327082163 79432935
1424746391 3406515098 39221838
2139496161 1374748224 124786409
189747826 256603624 186951308
3792458785 3200156256 8811629
2354601449 1714475985 223204190
2038681246 3613909023 43744019
2006897121 3879057710 31784125
2577805639 2536949682 52287392
3829453782 3070591503 129564753
2630093031 3223110757 77626777
3801270414 3445736936 21900166
2731762526 2922831517 48319012
2264282570 3593514441 14111380
3823170580 3607625821 6283202
169223275 78323757 20524551
0 0 78323757
552985169 443554932 88625548
1277717182 4098833476 147029209
2278393950 1937680175 76207499
4040360738 3208967885 14142872
4054503610 2971150529 99440974
3014725836 2758269285 110885756
3125611592 1265311698 85393808
1684673470 3323834900 3247263
78323757 703738344 90899518
542113746 794637862 10871423
384358430 98848308 157755316
1687920733 4008478381 90355095
376699134 532348393 7659296
2116398795 3300737534 23097366
641778630 540007689 163730655
2707719808 1350705506 24042718
3959018535 2676927082 81342203
2995022890 2869155041 19702946
3694822239 3910841835 97636546
3211005400 3696593700 182464010
1778275828 2013887674 228621293